Techniques=Curves@Curves.fx,CRT_Royale@crt-royale.fx
TechniqueSorting=Curves@Curves.fx,CRT_Royale@crt-royale.fx

[ColorMatrix.fx]
ColorMatrix_Blue=0.000000,0.125000,0.875000
ColorMatrix_Green=0.333000,0.667000,0.000000
ColorMatrix_Red=0.817000,0.183000,0.000000
Strength=1.000000

[crt-royale.fx]
aa_subpixel_r_offset_runtime=-0.333333,0.000000
basic_setup_help=0
beam_shape_mode=3
bloom_excess=0.110000
bloom_underestimate_levels=1.000000
blur_radius=0.850000
border_compress=2.230000
border_darkness=0.570000
border_size=0.020000
content_box_help=0
convergence_offset_x=0.000000,0.000000,0.000000
convergence_offset_y=0.000000,0.000000,0.000000
crt_gamma=2.230000
deinterlacing_blend_gamma=1.010000
diffusion_weight=0.060000
enable_interlacing=0
gaussian_beam_max_shape=6.760000
gaussian_beam_max_sigma=1.100000
gaussian_beam_min_shape=2.370000
gaussian_beam_min_sigma=1.020000
gaussian_beam_shape_power=0.220000
gaussian_beam_spot_power=0.090000
geom_aspect_ratio=1.313070,1.000000
geom_mode_runtime=0
geom_overscan=1.000000,1.000000
geom_radius=2.000000
geom_rotation_mode=0
geom_tilt_angle=0.000000,0.000000
geom_view_dist=2.000000
halation_weight=0.020000
interlace_back_field_first=0
lcd_gamma=2.200000
levels_contrast=1.130000
linear_beam_thickness=1.340000
mask_num_triads_across=480.000000
mask_size_param=0
mask_triad_width=1.500000
mask_type=2
phosphor_offset_x=0.000000,0.000000,0.000000
phosphor_offset_y=0.000000,0.000000,0.000000
phosphor_sharpness=4.000000,4.000000
phosphor_thickness=0.600000,0.600000
preblur_effect_radius=0.000000,0.000000
preblur_sampling_radius=0,0
PreprocessorDefinitions=antialias_level=32,antialias_filter=8,ADVANCED_SETTINGS=1,NUM_BEAMDIST_COLOR_SAMPLES=4096,NUM_BEAMDIST_DIST_SAMPLES=512,CONTENT_HEIGHT=BUFFER_HEIGHT,CONTENT_WIDTH=BUFFER_WIDTH,ENABLE_PREBLUR=0
scale_triad_height=0.800000
scanline_deinterlacing_mode=3
scanline_offset=0.000000
scanline_thickness=1
version_2_1_0=0

[CRT.fx]
Amount=1.000000
Angle=0.000000,-0.010000
Brightness=1.470000
CornerSize=0.011000
Curvature=0
CurvatureRadius=2.000000
Gamma=2.400001
MonitorGamma=2.201001
Oversample=1
Overscan=1.000000
Resolution=3.249991
ScanlineGaussian=1
ScanlineIntensity=3
ViewerDistance=4.000000

[Curves.fx]
Contrast=0.098000
Formula=4
Mode=2

[DPX.fx]
Colorfulness=1.698000
Contrast=0.180000
RGB_C=0.357000,0.385000,0.285000
RGB_Curve=5.103000,6.503000,6.849000
Saturation=2.681000
Strength=0.081000

[FilmGrain.fx]
Intensity=0.489000
Mean=0.340000
SignalToNoiseRatio=8
Variance=0.584000

[Levels.fx]
BlackPoint=16
HighlightClipping=0
WhitePoint=235

[Sepia.fx]
Strength=0.850000
Tint=0.407843,0.380392,0.466667

